1618272000000,2021-04-13 00:00:00,BTC/USDT,59860.01000000,59942.39000000,59844.50000000,59917.19000000,120.26419800,7200329.55212776,2438
1618272000000,2021-04-13 00:00:00,BTC/USDT,59860.01000000,59942.39000000,59844.50000000,59917.19000000,120.26419800,7200329.55212776,2438
1618272060000,2021-04-13 00:01:00,BTC/USDT,59917.19000000,59923.18000000,59859.02000000,59868.14000000,27.69248700,1658437.63730061,1317
1618272060000,2021-04-13 00:01:00,BTC/USDT,59917.19000000,59923.18000000,59859.02000000,59868.14000000,27.69248700,1658437.63730061,1317
1618272120000,2021-04-13 00:02:00,BTC/USDT,59868.15000000,59871.24000000,59805.15000000,59844.14000000,62.99421000,3769810.22227499,1728
1618272120000,2021-04-13 00:02:00,BTC/USDT,59868.15000000,59871.24000000,59805.15000000,59844.14000000,62.99421000,3769810.22227499,1728
1618272180000,2021-04-13 00:03:00,BTC/USDT,59844.15000000,59882.08000000,59844.14000000,59879.20000000,35.31190800,2113827.55721388,1141
1618272180000,2021-04-13 00:03:00,BTC/USDT,59844.15000000,59882.08000000,59844.14000000,59879.20000000,35.31190800,2113827.55721388,1141
1618272240000,2021-04-13 00:04:00,BTC/USDT,59879.20000000,59930.27000000,59864.04000000,59924.81000000,26.69707300,1599013.77350933,952
1618272240000,2021-04-13 00:04:00,BTC/USDT,59879.20000000,59930.27000000,59864.04000000,59924.81000000,26.69707300,1599013.77350933,952
1618272300000,2021-04-13 00:05:00,BTC/USDT,59924.81000000,59933.47000000,59901.68000000,59916.89000000,33.70134200,2019471.57369499,1067
1618272300000,2021-04-13 00:05:00,BTC/USDT,59924.81000000,59933.47000000,59901.68000000,59916.89000000,33.70134200,2019471.57369499,1067
1618272360000,2021-04-13 00:06:00,BTC/USDT,59916.89000000,59960.38000000,59877.14000000,59945.67000000,24.20029400,1449996.38571874,1095
1618272360000,2021-04-13 00:06:00,BTC/USDT,59916.89000000,59960.38000000,59877.14000000,59945.67000000,24.20029400,1449996.38571874,1095
1618272420000,2021-04-13 00:07:00,BTC/USDT,59949.88000000,60014.82000000,59934.27000000,60012.42000000,41.04132800,2461696.88667257,1345
1618272420000,2021-04-13 00:07:00,BTC/USDT,59949.88000000,60014.82000000,59934.27000000,60012.42000000,41.04132800,2461696.88667257,1345
1618272480000,2021-04-13 00:08:00,BTC/USDT,60008.00000000,60049.98000000,60001.51000000,60025.63000000,23.32519000,1400146.93654521,1221
1618272480000,2021-04-13 00:08:00,BTC/USDT,60008.00000000,60049.98000000,60001.51000000,60025.63000000,23.32519000,1400146.93654521,1221
1618272540000,2021-04-13 00:09:00,BTC/USDT,60025.63000000,60084.90000000,60019.41000000,60084.90000000,28.56400000,1715256.26838760,1230
1618272540000,2021-04-13 00:09:00,BTC/USDT,60025.63000000,60084.90000000,60019.41000000,60084.90000000,28.56400000,1715256.26838760,1230
1618272600000,2021-04-13 00:10:00,BTC/USDT,60084.89000000,60217.00000000,60075.47000000,60200.01000000,84.67474500,5093234.54845365,2390
1618272600000,2021-04-13 00:10:00,BTC/USDT,60084.89000000,60217.00000000,60075.47000000,60200.01000000,84.67474500,5093234.54845365,2390
1618272660000,2021-04-13 00:11:00,BTC/USDT,60200.01000000,60268.93000000,60154.69000000,60154.70000000,95.24177600,5737232.35825828,2149
1618272660000,2021-04-13 00:11:00,BTC/USDT,60200.01000000,60268.93000000,60154.69000000,60154.70000000,95.24177600,5737232.35825828,2149
1618272720000,2021-04-13 00:12:00,BTC/USDT,60154.70000000,60263.73000000,60152.57000000,60260.63000000,30.89942900,1860664.66503570,1133
1618272720000,2021-04-13 00:12:00,BTC/USDT,60154.70000000,60263.73000000,60152.57000000,60260.63000000,30.89942900,1860664.66503570,1133
1618272780000,2021-04-13 00:13:00,BTC/USDT,60260.63000000,60319.22000000,60245.21000000,60319.21000000,90.99101600,5485361.32600362,2051
1618272780000,2021-04-13 00:13:00,BTC/USDT,60260.63000000,60319.22000000,60245.21000000,60319.21000000,90.99101600,5485361.32600362,2051
1618272840000,2021-04-13 00:14:00,BTC/USDT,60319.21000000,60324.79000000,60264.61000000,60299.19000000,46.41230900,2798394.49197117,1331
1618272840000,2021-04-13 00:14:00,BTC/USDT,60319.21000000,60324.79000000,60264.61000000,60299.19000000,46.41230900,2798394.49197117,1331
1618272900000,2021-04-13 00:15:00,BTC/USDT,60299.20000000,60299.22000000,60248.82000000,60252.58000000,36.10507700,2176255.65373647,1227
1618272900000,2021-04-13 00:15:00,BTC/USDT,60299.20000000,60299.22000000,60248.82000000,60252.58000000,36.10507700,2176255.65373647,1227
1618272960000,2021-04-13 00:16:00,BTC/USDT,60252.57000000,60290.00000000,60234.68000000,60250.00000000,42.43709400,2557185.49966468,1055
1618272960000,2021-04-13 00:16:00,BTC/USDT,60252.57000000,60290.00000000,60234.68000000,60250.00000000,42.43709400,2557185.49966468,1055
1618273020000,2021-04-13 00:17:00,BTC/USDT,60249.99000000,60250.00000000,60195.92000000,60214.82000000,29.74664500,1791377.04314032,1149
1618273020000,2021-04-13 00:17:00,BTC/USDT,60249.99000000,60250.00000000,60195.92000000,60214.82000000,29.74664500,1791377.04314032,1149
1618273080000,2021-04-13 00:18:00,BTC/USDT,60214.82000000,60243.28000000,60185.00000000,60190.31000000,22.13237800,1332684.52845008,759
1618273080000,2021-04-13 00:18:00,BTC/USDT,60214.82000000,60243.28000000,60185.00000000,60190.31000000,22.13237800,1332684.52845008,759
1618273140000,2021-04-13 00:19:00,BTC/USDT,60190.32000000,60235.78000000,60190.32000000,60221.43000000,12.53267100,754634.39286407,826
1618273140000,2021-04-13 00:19:00,BTC/USDT,60190.32000000,60235.78000000,60190.32000000,60221.43000000,12.53267100,754634.39286407,826
1618273200000,2021-04-13 00:20:00,BTC/USDT,60221.44000000,60240.00000000,60200.00000000,60232.94000000,27.50034000,1656099.58166211,758
1618273200000,2021-04-13 00:20:00,BTC/USDT,60221.44000000,60240.00000000,60200.00000000,60232.94000000,27.50034000,1656099.58166211,758
1618273260000,2021-04-13 00:21:00,BTC/USDT,60232.95000000,60234.66000000,60200.00000000,60231.74000000,23.25299400,1400294.75288496,937
1618273260000,2021-04-13 00:21:00,BTC/USDT,60232.95000000,60234.66000000,60200.00000000,60231.74000000,23.25299400,1400294.75288496,937
1618273320000,2021-04-13 00:22:00,BTC/USDT,60231.74000000,60278.55000000,60221.59000000,60265.18000000,114.10563300,6874802.60832454,1133
1618273320000,2021-04-13 00:22:00,BTC/USDT,60231.74000000,60278.55000000,60221.59000000,60265.18000000,114.10563300,6874802.60832454,1133
1618273380000,2021-04-13 00:23:00,BTC/USDT,60268.63000000,60279.95000000,60233.00000000,60243.55000000,16.55145200,997130.26732366,1026
1618273380000,2021-04-13 00:23:00,BTC/USDT,60268.63000000,60279.95000000,60233.00000000,60243.55000000,16.55145200,997130.26732366,1026
1618273440000,2021-04-13 00:24:00,BTC/USDT,60243.55000000,60249.04000000,60206.00000000,60208.98000000,25.76052300,1551574.56838422,866
1618273440000,2021-04-13 00:24:00,BTC/USDT,60243.55000000,60249.04000000,60206.00000000,60208.98000000,25.76052300,1551574.56838422,866
1618273500000,2021-04-13 00:25:00,BTC/USDT,60208.99000000,60235.92000000,60200.02000000,60220.35000000,18.74711100,1128834.70771161,763
1618273500000,2021-04-13 00:25:00,BTC/USDT,60208.99000000,60235.92000000,60200.02000000,60220.35000000,18.74711100,1128834.70771161,763
1618273560000,2021-04-13 00:26:00,BTC/USDT,60220.35000000,60250.00000000,60211.60000000,60220.41000000,33.18197500,1998602.71849422,948
1618273560000,2021-04-13 00:26:00,BTC/USDT,60220.35000000,60250.00000000,60211.60000000,60220.41000000,33.18197500,1998602.71849422,948
1618273620000,2021-04-13 00:27:00,BTC/USDT,60220.41000000,60264.69000000,60220.41000000,60250.00000000,22.37002000,1347540.50293978,882
1618273620000,2021-04-13 00:27:00,BTC/USDT,60220.41000000,60264.69000000,60220.41000000,60250.00000000,22.37002000,1347540.50293978,882
1618273680000,2021-04-13 00:28:00,BTC/USDT,60250.00000000,60316.09000000,60249.99000000,60312.60000000,123.52197000,7447777.20744337,1251
1618273680000,2021-04-13 00:28:00,BTC/USDT,60250.00000000,60316.09000000,60249.99000000,60312.60000000,123.52197000,7447777.20744337,1251
1618273740000,2021-04-13 00:29:00,BTC/USDT,60312.60000000,60363.03000000,60276.18000000,60315.36000000,107.39826200,6477990.10327054,1973
1618273740000,2021-04-13 00:29:00,BTC/USDT,60312.60000000,60363.03000000,60276.18000000,60315.36000000,107.39826200,6477990.10327054,1973
1618273800000,2021-04-13 00:30:00,BTC/USDT,60315.36000000,60333.02000000,60245.84000000,60264.69000000,45.46799800,2741505.71565239,1076
1618273800000,2021-04-13 00:30:00,BTC/USDT,60315.36000000,60333.02000000,60245.84000000,60264.69000000,45.46799800,2741505.71565239,1076
1618273860000,2021-04-13 00:31:00,BTC/USDT,60264.68000000,60283.96000000,60242.00000000,60252.14000000,33.80467900,2037174.67455214,1049
1618273860000,2021-04-13 00:31:00,BTC/USDT,60264.68000000,60283.96000000,60242.00000000,60252.14000000,33.80467900,2037174.67455214,1049
1618273920000,2021-04-13 00:32:00,BTC/USDT,60252.15000000,60299.99000000,60245.11000000,60258.70000000,21.59302900,1301669.60603611,822
1618273920000,2021-04-13 00:32:00,BTC/USDT,60252.15000000,60299.99000000,60245.11000000,60258.70000000,21.59302900,1301669.60603611,822
1618273980000,2021-04-13 00:33:00,BTC/USDT,60258.71000000,60273.28000000,60244.80000000,60272.00000000,23.36099400,1407839.60414075,838
1618273980000,2021-04-13 00:33:00,BTC/USDT,60258.71000000,60273.28000000,60244.80000000,60272.00000000,23.36099400,1407839.60414075,838
1618274040000,2021-04-13 00:34:00,BTC/USDT,60272.00000000,60273.70000000,60201.22000000,60215.43000000,43.93960800,2646834.42139007,1091
1618274040000,2021-04-13 00:34:00,BTC/USDT,60272.00000000,60273.70000000,60201.22000000,60215.43000000,43.93960800,2646834.42139007,1091
1618274100000,2021-04-13 00:35:00,BTC/USDT,60215.44000000,60259.27000000,60215.43000000,60241.56000000,20.76062900,1250663.32456478,952
1618274100000,2021-04-13 00:35:00,BTC/USDT,60215.44000000,60259.27000000,60215.43000000,60241.56000000,20.76062900,1250663.32456478,952
1618274160000,2021-04-13 00:36:00,BTC/USDT,60244.96000000,60289.61000000,60244.95000000,60289.60000000,6.22727100,375326.28197144,265
1618274160000,2021-04-13 00:36:00,BTC/USDT,60244.96000000,60289.61000000,60244.95000000,60289.60000000,6.22727100,375326.28197144,265
unix,date,symbol,open,high,low,close,Volume BTC,Volume USDT,tradecount
unix,date,symbol,open,high,low,close,Volume BTC,Volume USDT,tradecount
